1.1
# 前面有一些是print手动写的没有记上

1.2
#bimode
0.9585340677132825 0.958526565864456 0.958526565864456 0.958526565864456 

#local
0.9573516938609686 0.9573513236039506 0.9573513236039506 0.9573513236039506 
0.9530548286635141 0.9530552871754961 0.9698264656974432 0.9698272311465325 

#tournament
0.9585277146936747 0.9585276941169196 0.9585276941169196 0.9585276941169196 
0.970070046299698 0.9700705675237961 0.9971145019228554 0.9971154252374562 

1.3
#bimode
0.958526565864456 0.9585266358084663 0.9585265920622561 0.9585265920622561
0.9651330983530055 0.9651329721860038 0.9651329774921958 0.9651330815829513 

#local
0.9573513236039506 0.957359618304983 0.9573508002099914 0.9573508002099914
0.9530552871754961 0.9530552238165344 0.9530553258672328 0.9530552792181733 

#tournament
0.9585276941169196 0.9585275479951002 0.9585270858522725 0.9585270858522725 
0.9700705675237961 0.9700704990192478 0.9700705524386568 0.9700705509829189 

1.4
0.950609455721686 0.9530552871754961 0.9530553755188684 0.9522125067599512 

1.5
0.9631215587384704 0.9622763393414784 0.9651330983530055 0.965122951093887 

1.6
globalsize 2048 4096 8192 16384
hit_rate 0.9700700710839547 0.9700704906414539 0.9700705675237961 0.9700706489779993 

localhissize 2048 4096 8192 16384
hit_rate 0.9700703261222373 0.9700705675237961 0.9700706579091024 0.9700709954824867 

localsize 2048 4096 8192 16384
hit_rate 0.9700735245486042 0.9700705675237961 0.9700725712289214 0.9700727192502295 

2.2
2mm
simple bimode local tournament
hit_rate 0.8702850515778937 0.958526565864456 0.9573513236039506 0.9585276941169196 
IPC 0.856647 1.364473 1.361108 1.369171 

bfs
simple bimode local tournament
IPC 1.133469 2.002295 1.71541 2.163117 
hit_rate 0.8935449816805794 0.9651330983530055 0.9530552871754961 0.9700705675237961 

3.2
#应该用workload的方式组织，比较不同的BP
MultiperspectivePerceptron8KB
2mm bfs
hit_rate 0.9557866758210334 0.9467269485848642 
IPC 1.303285 1.694077 

perceptron 
2mm bfs 
hit_rate 0.9798102967208624 0.9676520615721526
IPC 1.370131 2.118202 

3.3
2mm
GHR_len 12 36 62
hit_rate 0.9766522570846973 0.9797596447641655 0.9798102967208624
IPC 1.356131 1.369777 1.370131

globalPredictorSize 2048 4096 8192
hit_rate 0.9801636653891785 0.9797850043166602 0.9798102967208624
IPC 1.371647 1.370084 1.370131

threshold 64 133 180 256
hit_rate 0.9797794732124794 9798102967208624 0.9798107902059469 0.979808700387759 
IPC 1.369941 1.370131 1.370136 1.370155 

bfs
GHR_len 12 36 62
hit_rate 0.960689138295995 0.9617963330725683 0.9676520615721526
IPC 1.998151 2.11115 2.118202

globalPredictorSize 2048 4096 8192
hit_rate 0.9637352741695314 0.9696604440283111 0.9676520615721526
IPC 2.122835 2.16317 2.118202

threshold 64 133 180 256
hit_rate 0.9676495586853092 0.9676520615721526 0.9676514763173013 0.9676504399922585 
IPC 2.118154 2.118202 2.118063 2.11822 

0.9581997968785196 2.002029 
